"V1","V2","V3","V4","V5"
0.977928986631654,-0.00338895295260737,-0.0717925894941121,-0.0759891547897264,-0.0674405733369457
-0.00338895295260737,1.07335685928409,0.0258013944560954,-0.0203609749342187,0.0597935565880743
-0.0717925894941121,0.0258013944560954,1.00208010201599,-0.0269652377557329,0.0107954779840885
-0.0759891547897264,-0.0203609749342187,-0.0269652377557329,1.09865706549439,-0.0455639111533328
-0.0674405733369457,0.0597935565880743,0.0107954779840885,-0.0455639111533328,1.03466914723854
